123
123
523
123
123
523
123
123
523
123
523
123
123
523
123
123
523
123
123
523
123
123
523
123
123
523
123
123
523
123
123
523
123
123
523
123
123
523
123
123
523
123
123
523
123
123
523
123
123
523
123
123
523
123
123
523
123
123
523
123
123
523
123
123
523
123
123
523
123
123
523
123
123
523
123
123
523
123
123
523
123
123
523
123
123
523
123
123
523
123
123
523
123
123
523
123
123
523
123
123
523
123
123
523
123
123
523
123
123
523
123
123
523
123
123
523
123
123
523
123
123
523
123
123
523
123
123
523
123
123
523
123
123
523
123
123
523
123
123
523
123
123
523

